   0.00000000       0.00000000       0.00000000       0.00000000       0.00000000       0.00000000       0.00000000       0.00000000       0.00000000    
   10.0000000       0.00000000       0.00000000       0.00000000       0.00000000       0.00000000       0.00000000       0.00000000       0.00000000    
   10.0000000       4.04999971       0.00000000       0.00000000       0.00000000       0.00000000       0.00000000       0.00000000       0.00000000    
   10.0000000       4.81949997       1.64024973       0.00000000       0.00000000       0.00000000       0.00000000       0.00000000       0.00000000    
   10.0000000       5.63000584       2.26354504      0.664301097       0.00000000       0.00000000       0.00000000       0.00000000       0.00000000    
   10.0000000       6.03643703       2.97926807       1.04295290      0.269041926       0.00000000       0.00000000       0.00000000       0.00000000    
   10.0000000       6.40352678       3.43321371       1.51372659      0.473513871      0.108961970       0.00000000       0.00000000       0.00000000    
   10.0000000       6.65712166       3.85879827       1.86983263      0.747156501      0.212475881       4.41295952E-02   0.00000000       0.00000000    
   10.0000000       6.87766647       4.18658829       2.22067976      0.985294640      0.360841274       9.44373459E-02   1.78724844E-02   0.00000000    
   10.0000000       7.05232477       4.48028231       2.51654172       1.23272204      0.505851269      0.171322167       4.16428968E-02   0.00000000    
   10.0000000       7.20445585       4.72664452       2.79190946       1.45828640      0.664749622      0.254286349       7.72976279E-02   0.00000000    
   10.0000000       7.33313751       4.94659042       3.03535986       1.67702127      0.819894433      0.348843515      0.117672518       0.00000000    
   10.0000000       7.44666576       5.13909340       3.25928116       1.88001204      0.976255178      0.445994854      0.163639396       0.00000000    
   10.0000000       7.54619932       5.31233597       3.46200109       2.07259440       1.12752128      0.546396315      0.211719394       0.00000000    
   10.0000000       7.63527393       5.46766472       3.64867687       2.25254965       1.27492023      0.646207750      0.261517197       0.00000000    
   10.0000000       7.71510601       5.60885620       3.81993532       2.42204142       1.41623151      0.745036602      0.311402410       0.00000000    
   10.0000000       7.78745651       5.73737478       3.97830129       2.58083534       1.55175054      0.841248631      0.360906303       0.00000000    
   10.0000000       7.85325336       5.85523319       4.12475204       2.73002982       1.68077660      0.934463263      0.409277886       0.00000000    
   10.0000000       7.91348743       5.96358681       4.26073456       2.86994505       1.80346727       1.02402008      0.456220418       0.00000000    
   10.0000000       7.96881485       6.06364155       4.38711977       3.00129128       1.91971469       1.10973728      0.501410007       0.00000000    
   10.0000000       8.01984978       6.15624571       4.50485039       3.12451315       2.02971244       1.19140553      0.544711530       0.00000000    
